0.000000 1.000000 0.054253
0.070000 0.749953 0.427031
0.090000 0.726625 0.254272
0.120000 0.676601 0.517472
0.170000 1.142150 0.224491
0.179100 0.822078 0.093187
0.199300 0.793510 0.110094
0.200000 0.716940 0.582856
0.270000 0.759669 0.277776
0.280000 1.219394 1.006264
0.351900 0.852428 0.289420
0.380200 0.799616 0.261919
0.400000 1.281020 0.461097
0.400400 0.527012 0.141080
0.424700 0.881756 0.229275
0.449700 1.079592 0.302989
0.470000 0.868255 0.968335
0.478300 0.515405 0.116368
0.480000 1.208513 1.545599
0.592900 1.284181 0.324803
0.679700 0.479504 0.085397
0.781200 0.798544 0.185077
0.875400 1.602725 0.440256
0.880000 -0.244246 -0.217310
0.900000 1.044056 0.412433
1.037000 2.952431 0.775184
1.300000 2.810934 0.579010
1.363000 1.830061 0.771825
1.430000 2.839045 0.587615
1.530000 -0.629620 -0.128220
1.750000 2.994890 1.191647
1.965000 -0.226507 -0.122731
