0.000000 1.003202 0.026827
0.070000 0.935039 0.266176
0.090000 0.935039 0.163546
0.120000 0.929619 0.355466
0.170000 1.124757 0.110418
0.179100 1.016347 0.057418
0.199300 1.016347 0.070353
0.200000 0.987889 0.401540
0.270000 1.043450 0.190712
0.280000 1.203355 0.496484
0.351900 1.124757 0.190872
0.380200 1.124757 0.184139
0.400000 1.287373 0.231617
0.400400 1.043450 0.139584
0.424700 1.180318 0.153360
0.449700 1.257560 0.176375
0.470000 1.206065 0.672520
0.478300 1.096300 0.123661
0.480000 1.314475 0.840537
0.592900 1.409334 0.178113
0.679700 1.246719 0.110871
0.781200 1.422886 0.164763
0.875400 1.693912 0.232524
0.880000 1.219616 0.542528
0.900000 1.585501 0.313077
1.037000 2.086899 0.273801
1.300000 2.276617 0.234245
1.363000 2.168207 0.457112
1.430000 2.398579 0.247984
1.530000 1.897181 0.192983
1.750000 2.737361 0.544446
1.965000 2.527316 0.684607
