0.000000000000000000e+00 1.006242279507562509e+00 5.387917179221301395e-02
9.874371859296482770e-03 0.000000000000000000e+00 1.125632350483412925e+00
1.974874371859296554e-02 0.000000000000000000e+00 1.125632350483412925e+00
2.962311557788945005e-02 0.000000000000000000e+00 1.125632350483412925e+00
3.949748743718593108e-02 0.000000000000000000e+00 1.125632350483412925e+00
4.937185929648241905e-02 0.000000000000000000e+00 1.125632350483412925e+00
5.924623115577890009e-02 0.000000000000000000e+00 1.125632350483412925e+00
6.912060301507537419e-02 0.000000000000000000e+00 1.125632350483412925e+00
7.899497487437186216e-02 0.000000000000000000e+00 1.125632350483412925e+00
8.886934673366835014e-02 0.000000000000000000e+00 1.125632350483412925e+00
9.874371859296483811e-02 0.000000000000000000e+00 1.125632350483412925e+00
1.086180904522613122e-01 0.000000000000000000e+00 1.125632350483412925e+00
1.184924623115578002e-01 0.000000000000000000e+00 1.125632350483412925e+00
1.283668341708542882e-01 0.000000000000000000e+00 1.125632350483412925e+00
1.382412060301507484e-01 0.000000000000000000e+00 1.125632350483412925e+00
1.481155778894472363e-01 0.000000000000000000e+00 1.125632350483412925e+00
1.579899497487437243e-01 0.000000000000000000e+00 1.125632350483412925e+00
1.678643216080402123e-01 0.000000000000000000e+00 1.125632350483412925e+00
1.777386934673367003e-01 0.000000000000000000e+00 1.125632350483412925e+00
1.876130653266331605e-01 0.000000000000000000e+00 1.125632350483412925e+00
1.974874371859296762e-01 0.000000000000000000e+00 1.125632350483412925e+00
2.073618090452261364e-01 0.000000000000000000e+00 1.125632350483412925e+00
2.172361809045226244e-01 0.000000000000000000e+00 1.125632350483412925e+00
2.271105527638190846e-01 0.000000000000000000e+00 1.125632350483412925e+00
2.369849246231156004e-01 0.000000000000000000e+00 1.125632350483412925e+00
2.468592964824120606e-01 0.000000000000000000e+00 1.125632350483412925e+00
2.567336683417085763e-01 0.000000000000000000e+00 1.125632350483412925e+00
2.666080402010050365e-01 0.000000000000000000e+00 1.125632350483412925e+00
2.764824120603014967e-01 0.000000000000000000e+00 1.125632350483412925e+00
2.863567839195980125e-01 0.000000000000000000e+00 1.125632350483412925e+00
2.962311557788944727e-01 0.000000000000000000e+00 1.125632350483412925e+00
3.061055276381909329e-01 0.000000000000000000e+00 1.125632350483412925e+00
3.159798994974874486e-01 0.000000000000000000e+00 1.125632350483412925e+00
3.258542713567839089e-01 0.000000000000000000e+00 1.125632350483412925e+00
3.357286432160804246e-01 0.000000000000000000e+00 1.125632350483412925e+00
3.456030150753769403e-01 0.000000000000000000e+00 1.125632350483412925e+00
3.554773869346734005e-01 0.000000000000000000e+00 1.125632350483412925e+00
3.653517587939698608e-01 0.000000000000000000e+00 1.125632350483412925e+00
3.752261306532663210e-01 0.000000000000000000e+00 1.125632350483412925e+00
3.851005025125628367e-01 0.000000000000000000e+00 1.125632350483412925e+00
3.949748743718593524e-01 0.000000000000000000e+00 1.125632350483412925e+00
4.048492462311557571e-01 0.000000000000000000e+00 1.125632350483412925e+00
4.147236180904522729e-01 0.000000000000000000e+00 1.125632350483412925e+00
4.245979899497487886e-01 0.000000000000000000e+00 1.125632350483412925e+00
4.344723618090452488e-01 0.000000000000000000e+00 1.125632350483412925e+00
4.443467336683417090e-01 0.000000000000000000e+00 1.125632350483412925e+00
4.542211055276381693e-01 0.000000000000000000e+00 1.125632350483412925e+00
4.640954773869346850e-01 0.000000000000000000e+00 1.125632350483412925e+00
4.739698492462312007e-01 0.000000000000000000e+00 1.125632350483412925e+00
4.838442211055277165e-01 0.000000000000000000e+00 1.125632350483412925e+00
4.937185929648241212e-01 0.000000000000000000e+00 1.125632350483412925e+00
5.035929648241206369e-01 0.000000000000000000e+00 1.125632350483412925e+00
5.134673366834171526e-01 0.000000000000000000e+00 1.125632350483412925e+00
5.233417085427136684e-01 0.000000000000000000e+00 1.125632350483412925e+00
5.332160804020100731e-01 0.000000000000000000e+00 1.125632350483412925e+00
5.430904522613065888e-01 0.000000000000000000e+00 1.125632350483412925e+00
5.529648241206029935e-01 0.000000000000000000e+00 1.125632350483412925e+00
5.628391959798995092e-01 0.000000000000000000e+00 1.125632350483412925e+00
5.727135678391960250e-01 0.000000000000000000e+00 1.125632350483412925e+00
5.825879396984924297e-01 0.000000000000000000e+00 1.125632350483412925e+00
5.924623115577889454e-01 0.000000000000000000e+00 1.125632350483412925e+00
6.023366834170854611e-01 0.000000000000000000e+00 1.125632350483412925e+00
6.122110552763818658e-01 0.000000000000000000e+00 1.125632350483412925e+00
6.220854271356783816e-01 0.000000000000000000e+00 1.125632350483412925e+00
6.319597989949748973e-01 0.000000000000000000e+00 1.125632350483412925e+00
6.418341708542714130e-01 0.000000000000000000e+00 1.125632350483412925e+00
6.517085427135678177e-01 0.000000000000000000e+00 1.125632350483412925e+00
6.615829145728643335e-01 0.000000000000000000e+00 1.125632350483412925e+00
6.714572864321608492e-01 0.000000000000000000e+00 1.125632350483412925e+00
6.813316582914573649e-01 0.000000000000000000e+00 1.125632350483412925e+00
6.912060301507538806e-01 0.000000000000000000e+00 1.125632350483412925e+00
7.010804020100502854e-01 0.000000000000000000e+00 1.125632350483412925e+00
7.109547738693468011e-01 0.000000000000000000e+00 1.125632350483412925e+00
7.208291457286432058e-01 0.000000000000000000e+00 1.125632350483412925e+00
7.307035175879397215e-01 0.000000000000000000e+00 1.125632350483412925e+00
7.405778894472361262e-01 0.000000000000000000e+00 1.125632350483412925e+00
7.504522613065326420e-01 0.000000000000000000e+00 1.125632350483412925e+00
7.603266331658291577e-01 0.000000000000000000e+00 1.125632350483412925e+00
7.702010050251256734e-01 0.000000000000000000e+00 1.125632350483412925e+00
7.800753768844221891e-01 0.000000000000000000e+00 1.125632350483412925e+00
7.899497487437187049e-01 0.000000000000000000e+00 1.125632350483412925e+00
7.998241206030152206e-01 0.000000000000000000e+00 1.125632350483412925e+00
8.096984924623115143e-01 0.000000000000000000e+00 1.125632350483412925e+00
8.195728643216080300e-01 0.000000000000000000e+00 1.125632350483412925e+00
8.294472361809045458e-01 0.000000000000000000e+00 1.125632350483412925e+00
8.393216080402010615e-01 0.000000000000000000e+00 1.125632350483412925e+00
8.491959798994975772e-01 0.000000000000000000e+00 1.125632350483412925e+00
8.590703517587939819e-01 0.000000000000000000e+00 1.125632350483412925e+00
8.689447236180904977e-01 0.000000000000000000e+00 1.125632350483412925e+00
8.788190954773870134e-01 0.000000000000000000e+00 1.125632350483412925e+00
8.886934673366834181e-01 0.000000000000000000e+00 1.125632350483412925e+00
8.985678391959799338e-01 0.000000000000000000e+00 1.125632350483412925e+00
9.084422110552763385e-01 0.000000000000000000e+00 1.125632350483412925e+00
9.183165829145728543e-01 0.000000000000000000e+00 1.125632350483412925e+00
9.281909547738693700e-01 0.000000000000000000e+00 1.125632350483412925e+00
9.380653266331658857e-01 0.000000000000000000e+00 1.125632350483412925e+00
9.479396984924624014e-01 0.000000000000000000e+00 1.125632350483412925e+00
9.578140703517589172e-01 0.000000000000000000e+00 1.125632350483412925e+00
9.676884422110554329e-01 0.000000000000000000e+00 1.125632350483412925e+00
9.775628140703517266e-01 0.000000000000000000e+00 1.125632350483412925e+00
9.874371859296482423e-01 0.000000000000000000e+00 1.125632350483412925e+00
9.973115577889447581e-01 0.000000000000000000e+00 1.125632350483412925e+00
1.007185929648241274e+00 0.000000000000000000e+00 1.125632350483412925e+00
1.017060301507537678e+00 0.000000000000000000e+00 1.125632350483412925e+00
1.026934673366834305e+00 0.000000000000000000e+00 1.125632350483412925e+00
1.036809045226130710e+00 0.000000000000000000e+00 1.125632350483412925e+00
1.046683417085427337e+00 0.000000000000000000e+00 1.125632350483412925e+00
1.056557788944723519e+00 0.000000000000000000e+00 1.125632350483412925e+00
1.066432160804020146e+00 0.000000000000000000e+00 1.125632350483412925e+00
1.076306532663316551e+00 0.000000000000000000e+00 1.125632350483412925e+00
1.086180904522613178e+00 0.000000000000000000e+00 1.125632350483412925e+00
1.096055276381909582e+00 0.000000000000000000e+00 1.125632350483412925e+00
1.105929648241205987e+00 0.000000000000000000e+00 1.125632350483412925e+00
1.115804020100502614e+00 0.000000000000000000e+00 1.125632350483412925e+00
1.125678391959799018e+00 0.000000000000000000e+00 1.125632350483412925e+00
1.135552763819095645e+00 0.000000000000000000e+00 1.125632350483412925e+00
1.145427135678392050e+00 0.000000000000000000e+00 1.125632350483412925e+00
1.155301507537688455e+00 0.000000000000000000e+00 1.125632350483412925e+00
1.165175879396984859e+00 0.000000000000000000e+00 1.125632350483412925e+00
1.175050251256281486e+00 0.000000000000000000e+00 1.125632350483412925e+00
1.184924623115577891e+00 0.000000000000000000e+00 1.125632350483412925e+00
1.194798994974874518e+00 0.000000000000000000e+00 1.125632350483412925e+00
1.204673366834170922e+00 0.000000000000000000e+00 1.125632350483412925e+00
1.214547738693467549e+00 0.000000000000000000e+00 1.125632350483412925e+00
1.224422110552763732e+00 0.000000000000000000e+00 1.125632350483412925e+00
1.234296482412060358e+00 0.000000000000000000e+00 1.125632350483412925e+00
1.244170854271356763e+00 0.000000000000000000e+00 1.125632350483412925e+00
1.254045226130653390e+00 0.000000000000000000e+00 1.125632350483412925e+00
1.263919597989949795e+00 0.000000000000000000e+00 1.125632350483412925e+00
1.273793969849246199e+00 0.000000000000000000e+00 1.125632350483412925e+00
1.283668341708542826e+00 0.000000000000000000e+00 1.125632350483412925e+00
1.293542713567839231e+00 0.000000000000000000e+00 1.125632350483412925e+00
1.303417085427135635e+00 0.000000000000000000e+00 1.125632350483412925e+00
1.313291457286432262e+00 0.000000000000000000e+00 1.125632350483412925e+00
1.323165829145728667e+00 0.000000000000000000e+00 1.125632350483412925e+00
1.333040201005025294e+00 0.000000000000000000e+00 1.125632350483412925e+00
1.342914572864321698e+00 0.000000000000000000e+00 1.125632350483412925e+00
1.352788944723618103e+00 0.000000000000000000e+00 1.125632350483412925e+00
1.362663316582914730e+00 0.000000000000000000e+00 1.125632350483412925e+00
1.372537688442210912e+00 0.000000000000000000e+00 1.125632350483412925e+00
1.382412060301507761e+00 0.000000000000000000e+00 1.125632350483412925e+00
1.392286432160803944e+00 0.000000000000000000e+00 1.125632350483412925e+00
1.402160804020100571e+00 0.000000000000000000e+00 1.125632350483412925e+00
1.412035175879396975e+00 0.000000000000000000e+00 1.125632350483412925e+00
1.421909547738693602e+00 0.000000000000000000e+00 1.125632350483412925e+00
1.431783919597990007e+00 0.000000000000000000e+00 1.125632350483412925e+00
1.441658291457286412e+00 0.000000000000000000e+00 1.125632350483412925e+00
1.451532663316583038e+00 0.000000000000000000e+00 1.125632350483412925e+00
1.461407035175879443e+00 0.000000000000000000e+00 1.125632350483412925e+00
1.471281407035176070e+00 0.000000000000000000e+00 1.125632350483412925e+00
1.481155778894472252e+00 0.000000000000000000e+00 1.125632350483412925e+00
1.491030150753769101e+00 0.000000000000000000e+00 1.125632350483412925e+00
1.500904522613065284e+00 0.000000000000000000e+00 1.125632350483412925e+00
1.510778894472361911e+00 0.000000000000000000e+00 1.125632350483412925e+00
1.520653266331658315e+00 0.000000000000000000e+00 1.125632350483412925e+00
1.530527638190954720e+00 0.000000000000000000e+00 1.125632350483412925e+00
1.540402010050251347e+00 0.000000000000000000e+00 1.125632350483412925e+00
1.550276381909547752e+00 0.000000000000000000e+00 1.125632350483412925e+00
1.560150753768844378e+00 0.000000000000000000e+00 1.125632350483412925e+00
1.570025125628140783e+00 0.000000000000000000e+00 1.125632350483412925e+00
1.579899497487437410e+00 0.000000000000000000e+00 1.125632350483412925e+00
1.589773869346733814e+00 0.000000000000000000e+00 1.125632350483412925e+00
1.599648241206030441e+00 0.000000000000000000e+00 1.125632350483412925e+00
1.609522613065326624e+00 0.000000000000000000e+00 1.125632350483412925e+00
1.619396984924623029e+00 0.000000000000000000e+00 1.125632350483412925e+00
1.629271356783919655e+00 0.000000000000000000e+00 1.125632350483412925e+00
1.639145728643216060e+00 0.000000000000000000e+00 1.125632350483412925e+00
1.649020100502512687e+00 0.000000000000000000e+00 1.125632350483412925e+00
1.658894472361809092e+00 0.000000000000000000e+00 1.125632350483412925e+00
1.668768844221105718e+00 0.000000000000000000e+00 1.125632350483412925e+00
1.678643216080402123e+00 0.000000000000000000e+00 1.125632350483412925e+00
1.688517587939698528e+00 0.000000000000000000e+00 1.125632350483412925e+00
1.698391959798995154e+00 0.000000000000000000e+00 1.125632350483412925e+00
1.708266331658291337e+00 0.000000000000000000e+00 1.125632350483412925e+00
1.718140703517587964e+00 0.000000000000000000e+00 1.125632350483412925e+00
1.728015075376884369e+00 0.000000000000000000e+00 1.125632350483412925e+00
1.737889447236180995e+00 0.000000000000000000e+00 1.125632350483412925e+00
1.747763819095477400e+00 0.000000000000000000e+00 1.125632350483412925e+00
1.757638190954774027e+00 0.000000000000000000e+00 1.125632350483412925e+00
1.767512562814070431e+00 0.000000000000000000e+00 1.125632350483412925e+00
1.777386934673366836e+00 0.000000000000000000e+00 1.125632350483412925e+00
1.787261306532663463e+00 0.000000000000000000e+00 1.125632350483412925e+00
1.797135678391959868e+00 0.000000000000000000e+00 1.125632350483412925e+00
1.807010050251256494e+00 0.000000000000000000e+00 1.125632350483412925e+00
1.816884422110552677e+00 0.000000000000000000e+00 1.125632350483412925e+00
1.826758793969849526e+00 0.000000000000000000e+00 1.125632350483412925e+00
1.836633165829145709e+00 0.000000000000000000e+00 1.125632350483412925e+00
1.846507537688442335e+00 0.000000000000000000e+00 1.125632350483412925e+00
1.856381909547738740e+00 0.000000000000000000e+00 1.125632350483412925e+00
1.866256281407035145e+00 0.000000000000000000e+00 1.125632350483412925e+00
1.876130653266331771e+00 0.000000000000000000e+00 1.125632350483412925e+00
1.886005025125628176e+00 0.000000000000000000e+00 1.125632350483412925e+00
1.895879396984924803e+00 0.000000000000000000e+00 1.125632350483412925e+00
1.905753768844221208e+00 0.000000000000000000e+00 1.125632350483412925e+00
1.915628140703517834e+00 0.000000000000000000e+00 1.125632350483412925e+00
1.925502512562814017e+00 0.000000000000000000e+00 1.125632350483412925e+00
1.935376884422110866e+00 0.000000000000000000e+00 1.125632350483412925e+00
1.945251256281407048e+00 0.000000000000000000e+00 1.125632350483412925e+00
1.955125628140703453e+00 0.000000000000000000e+00 1.125632350483412925e+00
1.965000000000000080e+00 -1.710497010969636578e-01 9.298708529445356974e-02
