0.000000 1.008553 0.053941
0.070000 0.757383 0.431206
0.090000 0.734055 0.256785
0.120000 0.683945 0.523052
0.170000 1.152901 0.226361
0.179100 0.830856 0.093878
0.199300 0.802289 0.111072
0.200000 0.725234 0.589561
0.270000 0.768922 0.281072
0.280000 1.231700 1.016357
0.351900 0.863179 0.292964
0.380200 0.810367 0.265338
0.400000 1.295105 0.466017
0.400400 0.536265 0.143474
0.424700 0.893595 0.232211
0.449700 1.093032 0.306600
0.470000 0.880616 0.982089
0.478300 0.525619 0.118578
0.480000 1.223197 1.564339
0.592900 1.301060 0.328859
0.679700 0.492713 0.087634
0.781200 0.815750 0.188919
0.875400 1.627110 0.446708
0.880000 -0.231605 -0.206052
0.900000 1.065419 0.420760
1.037000 2.989442 0.784430
1.300000 2.854981 0.587508
1.363000 1.870013 0.788491
1.430000 2.887938 0.597155
1.530000 -0.599031 -0.121868
1.750000 3.058570 1.216666
1.965000 -0.172225 -0.093306
