0.004523 -5.018899 -0.653963
0.009045 -2.290743 -0.294712
0.013568 -1.382239 -0.175610
0.018090 -0.928643 -0.116528
0.022613 -0.657009 -0.081441
0.027136 -0.476352 -0.058340
0.031658 -0.347681 -0.042078
0.036181 -0.251498 -0.030084
0.040704 -0.176974 -0.020927
0.045226 -0.117608 -0.013750
0.049749 -0.069265 -0.008009
0.054271 -0.029189 -0.003338
0.058794 0.004530 0.000513
0.063317 0.033255 0.003723
0.067839 0.057985 0.006425
0.072362 0.079471 0.008717
0.076884 0.098285 0.010675
0.081407 0.114874 0.012356
0.085930 0.129590 0.013808
0.090452 0.142714 0.015066
0.094975 0.154475 0.016161
0.099497 0.165060 0.017117
0.104020 0.174621 0.017954
0.108543 0.183288 0.018688
0.113065 0.191168 0.019333
0.117588 0.198353 0.019902
0.122111 0.204920 0.020403
0.126633 0.210936 0.020846
0.131156 0.216459 0.021238
0.135678 0.221539 0.021584
0.140201 0.226217 0.021891
0.144724 0.230534 0.022163
0.149246 0.234521 0.022404
0.153769 0.238209 0.022618
0.158291 0.241623 0.022807
0.162814 0.244786 0.022975
0.167337 0.247720 0.023124
0.171859 0.250442 0.023256
0.176382 0.252969 0.023373
0.180905 0.255317 0.023477
0.185427 0.257498 0.023569
0.189950 0.259525 0.023651
0.194472 0.261408 0.023723
0.198995 0.263158 0.023787
0.203518 0.264784 0.023843
0.208040 0.266295 0.023894
0.212563 0.267697 0.023938
0.217085 0.268998 0.023978
0.221608 0.270205 0.024013
0.226131 0.271322 0.024044
0.230653 0.272357 0.024072
0.235176 0.273313 0.024098
0.239698 0.274195 0.024120
0.244221 0.275008 0.024141
0.248744 0.275756 0.024160
0.253266 0.276441 0.024177
0.257789 0.277069 0.024194
0.262312 0.277641 0.024209
0.266834 0.278162 0.024223
0.271357 0.278633 0.024238
0.275879 0.279057 0.024251
0.280402 0.279437 0.024265
0.284925 0.279775 0.024279
0.289447 0.280073 0.024293
0.293970 0.280333 0.024307
0.298492 0.280557 0.024321
0.303015 0.280747 0.024337
0.307538 0.280904 0.024352
0.312060 0.281031 0.024369
0.316583 0.281127 0.024387
0.321106 0.281195 0.024405
0.325628 0.281237 0.024424
0.330151 0.281253 0.024445
0.334673 0.281244 0.024467
0.339196 0.281212 0.024490
0.343719 0.281158 0.024514
0.348241 0.281082 0.024540
0.352764 0.280986 0.024567
0.357286 0.280870 0.024595
0.361809 0.280736 0.024626
0.366332 0.280584 0.024658
0.370854 0.280414 0.024691
0.375377 0.280229 0.024726
0.379899 0.280027 0.024763
0.384422 0.279811 0.024802
0.388945 0.279580 0.024843
0.393467 0.279335 0.024886
0.397990 0.279077 0.024930
0.402513 0.278807 0.024977
0.407035 0.278524 0.025026
0.411558 0.278230 0.025076
0.416080 0.277924 0.025129
0.420603 0.277607 0.025185
0.425126 0.277281 0.025242
0.429648 0.276944 0.025302
0.434171 0.276597 0.025364
0.438693 0.276242 0.025428
0.443216 0.275878 0.025494
0.447739 0.275505 0.025563
0.452261 0.275124 0.025635
0.456784 0.274736 0.025709
0.461307 0.274340 0.025785
0.465829 0.273936 0.025864
0.470352 0.273526 0.025946
0.474874 0.273109 0.026030
0.479397 0.272686 0.026117
0.483920 0.272256 0.026206
0.488442 0.271821 0.026298
0.492965 0.271380 0.026392
0.497487 0.270934 0.026490
0.502010 0.270482 0.026590
0.506533 0.270025 0.026693
0.511055 0.269564 0.026798
0.515578 0.269098 0.026906
0.520101 0.268627 0.027017
0.524623 0.268152 0.027131
0.529146 0.267673 0.027247
0.533668 0.267190 0.027367
0.538191 0.266703 0.027489
0.542714 0.266213 0.027614
0.547236 0.265719 0.027741
0.551759 0.265221 0.027872
0.556281 0.264721 0.028005
0.560804 0.264217 0.028141
0.565327 0.263711 0.028280
0.569849 0.263201 0.028422
0.574372 0.262689 0.028566
0.578894 0.262174 0.028713
0.583417 0.261657 0.028863
0.587940 0.261137 0.029016
0.592462 0.260615 0.029172
0.596985 0.260091 0.029330
0.601508 0.259565 0.029491
0.606030 0.259037 0.029654
0.610553 0.258507 0.029821
0.615075 0.257975 0.029990
0.619598 0.257441 0.030161
0.624121 0.256906 0.030335
0.628643 0.256369 0.030512
0.633166 0.255830 0.030692
0.637688 0.255291 0.030874
0.642211 0.254749 0.031058
0.646734 0.254207 0.031245
0.651256 0.253663 0.031435
0.655779 0.253118 0.031627
0.660302 0.252572 0.031821
0.664824 0.252025 0.032018
0.669347 0.251478 0.032217
0.673869 0.250929 0.032419
0.678392 0.250379 0.032623
0.682915 0.249828 0.032829
0.687437 0.249277 0.033037
0.691960 0.248725 0.033248
0.696482 0.248173 0.033461
0.701005 0.247619 0.033676
0.705528 0.247066 0.033893
0.710050 0.246511 0.034112
0.714573 0.245957 0.034334
0.719095 0.245401 0.034557
0.723618 0.244846 0.034782
0.728141 0.244290 0.035010
0.732663 0.243734 0.035239
0.737186 0.243177 0.035470
0.741709 0.242621 0.035703
0.746231 0.242064 0.035938
0.750754 0.241506 0.036175
0.755276 0.240949 0.036413
0.759799 0.240392 0.036653
0.764322 0.239834 0.036895
0.768844 0.239277 0.037139
0.773367 0.238720 0.037384
0.777889 0.238162 0.037631
0.782412 0.237605 0.037879
0.786935 0.237047 0.038129
0.791457 0.236490 0.038380
0.795980 0.235933 0.038633
0.800503 0.235376 0.038887
0.805025 0.234819 0.039143
0.809548 0.234263 0.039400
0.814070 0.233706 0.039658
0.818593 0.233150 0.039918
0.823116 0.232594 0.040179
0.827638 0.232039 0.040441
0.832161 0.231483 0.040704
0.836683 0.230929 0.040968
0.841206 0.230374 0.041234
0.845729 0.229820 0.041500
0.850251 0.229266 0.041768
0.854774 0.228712 0.042037
0.859296 0.228159 0.042307
0.863819 0.227606 0.042577
0.868342 0.227054 0.042849
0.872864 0.226502 0.043122
0.877387 0.225951 0.043395
0.881910 0.225400 0.043669
0.886432 0.224850 0.043945
0.890955 0.224300 0.044221
0.895477 0.223751 0.044497
0.900000 0.223202 0.044775
