0.000000 1.000000 0.054253
0.070000 0.697166 0.396973
0.090000 0.663469 0.232171
0.120000 0.595676 0.455579
0.170000 1.091098 0.214457
0.179100 0.731278 0.082894
0.199300 0.690014 0.095734
0.200000 0.604600 0.491526
0.270000 0.616478 0.225418
0.280000 1.121865 0.925781
0.351900 0.672612 0.228368
0.380200 0.596327 0.195330
0.400000 1.118467 0.402587
0.400400 0.280419 0.075068
0.424700 0.658416 0.171202
0.449700 0.861021 0.241647
0.470000 0.611780 0.682298
0.478300 0.213713 0.048252
0.480000 0.982593 1.256664
0.592900 0.977788 0.247308
0.679700 0.006217 0.001107
0.781200 0.259364 0.060112
0.875400 1.047915 0.287854
0.880000 -1.009682 -0.898330
0.900000 0.397951 0.157202
1.037000 2.341338 0.614737
1.300000 1.771371 0.364876
1.363000 0.567351 0.239279
1.430000 1.560172 0.322918
1.530000 -2.498941 -0.508899
1.750000 1.016892 0.404614
1.965000 -3.147895 -1.705663
