0.070000 -0.558567 -0.318013
0.090000 -0.426066 -0.149045
0.120000 -0.335391 -0.256492
0.170000 0.440614 0.086510
0.179100 0.051560 0.005826
0.199300 0.045465 0.006294
0.200000 -0.033070 -0.026883
0.270000 0.084689 0.030957
0.280000 0.408387 0.336987
0.351900 0.180230 0.061170
0.380200 0.162704 0.053274
0.400000 0.376909 0.135623
0.400400 0.050841 0.013602
0.424700 0.207816 0.054003
0.449700 0.284090 0.079688
0.470000 0.208862 0.232929
0.478300 0.090500 0.020416
0.480000 0.324671 0.415220
0.592900 0.324233 0.081954
0.679700 0.148247 0.026367
0.781200 0.220290 0.051017
0.875400 0.334048 0.091710
0.880000 0.086358 0.076830
0.900000 0.258374 0.102038
1.037000 0.450219 0.118137
1.300000 0.374585 0.077083
1.363000 0.303509 0.127974
1.430000 0.356073 0.073627
1.530000 0.171071 0.034803
1.750000 0.327988 0.130470
1.965000 0.214926 0.116439
