0.000000 1.000000 0.027127
0.070000 0.932055 0.265360
0.090000 0.932055 0.163079
0.120000 0.926651 0.354357
0.170000 1.121167 0.110183
0.179100 1.013103 0.057420
0.199300 1.013103 0.070280
0.200000 0.984736 0.400284
0.270000 1.040119 0.190162
0.280000 1.199514 0.494929
0.351900 1.121167 0.190331
0.380200 1.121167 0.183622
0.400000 1.283264 0.230952
0.400400 1.040119 0.139219
0.424700 1.176550 0.152964
0.449700 1.253546 0.175905
0.470000 1.202215 0.670395
0.478300 1.092800 0.123366
0.480000 1.310280 0.837875
0.592900 1.404836 0.177660
0.679700 1.242739 0.110662
0.781200 1.418344 0.164364
0.875400 1.688505 0.231909
0.880000 1.215723 0.540824
0.900000 1.580440 0.312160
1.037000 2.080238 0.273092
1.300000 2.269350 0.233726
1.363000 2.161286 0.455759
1.430000 2.390923 0.247432
1.530000 1.891125 0.192560
1.750000 2.728624 0.542851
1.965000 2.519249 0.682518
