0.070000 1.023011 0.299405
0.090000 1.023011 0.191968
0.120000 1.017081 0.395006
0.170000 1.230579 0.146934
0.179100 1.111969 0.098277
0.199300 1.111969 0.107874
0.200000 1.080834 0.445419
0.270000 1.141621 0.222615
0.280000 1.316571 0.550516
0.351900 1.230579 0.224957
0.380200 1.230579 0.218135
0.400000 1.408494 0.270889
0.400400 1.141621 0.171298
0.424700 1.291367 0.189358
0.449700 1.375876 0.214434
0.470000 1.319536 0.741239
0.478300 1.199444 0.157958
0.480000 1.438146 0.924798
0.592900 1.541930 0.221264
0.679700 1.364015 0.152673
0.781200 1.556756 0.209023
0.875400 1.853281 0.283877
0.880000 1.334363 0.600460
0.900000 1.734671 0.362255
1.037000 2.283243 0.337372
1.300000 2.490810 0.307151
1.363000 2.372200 0.525466
1.430000 2.624247 0.324693
1.530000 2.075675 0.253935
1.750000 2.994903 0.629490
1.965000 2.765096 0.772235
