0.000000 1.009164 0.053974
0.070000 0.723979 0.412188
0.090000 0.693985 0.242768
0.120000 0.632446 0.483668
0.170000 1.120850 0.220068
0.179100 0.773112 0.087353
0.199300 0.736383 0.101947
0.200000 0.653607 0.531334
0.270000 0.677532 0.247666
0.280000 1.169882 0.965347
0.351900 0.748351 0.253991
0.380200 0.680449 0.222799
0.400000 1.191613 0.428778
0.400400 0.378402 0.101239
0.424700 0.750865 0.195121
0.449700 0.953482 0.267455
0.470000 0.716623 0.799199
0.478300 0.332404 0.074989
0.480000 1.079011 1.379941
0.592900 1.105299 0.279378
0.679700 0.189401 0.033687
0.781200 0.470363 0.108931
0.875400 1.272188 0.349268
0.880000 -0.722768 -0.643025
0.900000 0.651592 0.257330
1.037000 2.599241 0.682041
1.300000 2.189837 0.450632
1.363000 1.061124 0.447423
1.430000 2.069298 0.427880
1.530000 -1.798553 -0.365902
1.750000 1.791548 0.712658
1.965000 -2.046383 -1.108660
