0.070000 -0.583330 -0.332154
0.090000 -0.444954 -0.155705
0.120000 -0.348994 -0.266914
0.170000 0.427211 0.083969
0.179100 0.041261 0.004677
0.199300 0.036384 0.005048
0.200000 -0.041614 -0.033831
0.270000 0.078070 0.028547
0.280000 0.399975 0.330066
0.351900 0.174748 0.059331
0.380200 0.157754 0.051673
0.400000 0.370852 0.133486
0.400400 0.046868 0.012546
0.424700 0.203123 0.052816
0.449700 0.279165 0.078348
0.470000 0.204602 0.228186
0.478300 0.087066 0.019658
0.480000 0.319759 0.408948
0.592900 0.320071 0.080954
0.679700 0.145597 0.025930
0.781200 0.217515 0.050413
0.875400 0.330780 0.090863
0.880000 0.084679 0.075340
0.900000 0.255639 0.100985
1.037000 0.446494 0.117230
1.300000 0.371626 0.076549
1.363000 0.301052 0.126968
1.430000 0.353326 0.073130
1.530000 0.169561 0.034530
1.750000 0.325576 0.129544
1.965000 0.213302 0.115576
